9.999999999999997e-09	8.329999999999997e-14
1.0460819186432152e-08	1.2870872670766213e-13
1.0942873805122685e-08	1.889034658831383e-13
1.144714242553332e-08	2.641718768986022e-13
1.1974648711484025e-08	3.530967697821364e-13
1.2526463499187715e-08	4.5248813745955606e-13
1.3103706971044467e-08	5.576641498577268e-13
1.3707550929608672e-08	6.630344781797762e-13
1.4339221176344604e-08	7.628570090502699e-13
1.4999999999999985e-08	8.520000000000014e-13
1.4999999999999985e-08	8.520000000000014e-13
1.5487215479641784e-08	9.065693317795176e-13
1.5990256220857113e-08	9.528429839303426e-13
1.6509636244473124e-08	9.903329368605607e-13
1.704588626724396e-08	1.0189698836633125e-12
1.7599554244151644e-08	1.0390642258483323e-12
1.8171205928321392e-08	1.0512476381333944e-12
1.8761425449123856e-08	1.056403779635715e-12
1.937081590905447e-08	1.0555961787891162e-12
1.9999999999999997e-08	1.0500000000000012e-12
1.9999999999999997e-08	1.0500000000000012e-12
2.0921638372864304e-08	1.0359546698561494e-12
2.1885747610245374e-08	1.0159372387184815e-12
2.289428485106664e-08	9.910909394300328e-13
2.394929742296805e-08	9.625570010651735e-13
2.5052926998375433e-08	9.314328681656129e-13
2.6207413942088937e-08	8.987411718901529e-13
2.7415101859217348e-08	8.654092198361541e-13
2.867844235268921e-08	8.322580905276886e-13
2.999999999999998e-08	7.999999999999987e-13
2.999999999999998e-08	7.999999999999987e-13
3.097443095928357e-08	7.779439759521929e-13
3.198051244171423e-08	7.565620989572057e-13
3.3019272488946255e-08	7.35775912585023e-13
3.4091772534487926e-08	7.15513908820179e-13
3.5199108488303295e-08	6.957110908081863e-13
3.6342411856642785e-08	6.76308597034017e-13
3.752285089824771e-08	6.57253378307837e-13
3.874163181810894e-08	6.384979196754192e-13
3.9999999999999994e-08	6.199999999999999e-13
3.9999999999999994e-08	6.199999999999999e-13
4.100414593827608e-08	6.058454627982105e-13
4.2033499603186e-08	5.920410502974446e-13
4.308869380063771e-08	5.787864154101698e-13
4.417037722227594e-08	5.662629466007821e-13
4.5279214844272705e-08	5.546359602163429e-13
4.641588833612778e-08	5.440574048449204e-13
4.758109647973276e-08	5.346690036067504e-13
4.877555559895382e-08	5.266057871319544e-13
5.0000000000000044e-08	5.199999999999992e-13
5.0000000000000044e-08	5.199999999999992e-13
5.102322678384244e-08	5.157492228714092e-13
5.2067393428708284e-08	5.124673331030754e-13
5.313292845913057e-08	5.100680441057616e-13
5.4220269169197864e-08	5.084711627319425e-13
5.532986180201921e-08	5.076013642607298e-13
5.6462161732861695e-08	5.073871143170357e-13
5.7617633656035805e-08	5.077597188761905e-13
5.879675177560531e-08	5.086524876863768e-13
5.999999999999995e-08	5.099999999999995e-13
5.999999999999995e-08	5.099999999999995e-13
6.194886191856714e-08	5.129206279992135e-13
6.396102488342846e-08	5.167188853197225e-13
6.603854497789251e-08	5.213029156138255e-13
6.818354506897585e-08	5.265808884178645e-13
7.039821697660659e-08	5.324595507535894e-13
7.268482371328558e-08	5.388429551627604e-13
7.504570179649544e-08	5.456313637209295e-13
7.748326363621789e-08	5.527203341768201e-13
8e-08	5.599999999999995e-13
8e-08	5.599999999999995e-13
8.200829187655218e-08	5.657223917148585e-13
8.4066999206372e-08	5.715433281735478e-13
8.617738760127542e-08	5.775179819317554e-13
8.834075444455189e-08	5.837038210718963e-13
9.055842968854541e-08	5.901607834343565e-13
9.283177667225558e-08	5.969515104211088e-13
9.516219295946553e-08	6.041416450595944e-13
9.755111119790765e-08	6.118001997440072e-13
1.0000000000000009e-07	6.199999999999999e-13
1.0000000000000009e-07	6.199999999999999e-13
1.0460819186432163e-07	6.364862435091908e-13
1.0942873805122697e-07	6.55193600667845e-13
1.1447142425533334e-07	6.763271407073168e-13
1.197464871148404e-07	7.001220863671552e-13
1.252646349918773e-07	7.268483094634049e-13
1.3103706971044483e-07	7.568156167710537e-13
1.3707550929608687e-07	7.903799773232688e-13
1.4339221176344622e-07	8.279508738655622e-13
1.5000000000000005e-07	8.700000000000004e-13
1.5000000000000005e-07	8.700000000000004e-13
1.54872154796418e-07	9.027872394341243e-13
1.5990256220857104e-07	9.379557341204794e-13
1.6509636244473142e-07	9.753298262165072e-13
1.704588626724398e-07	1.0146922886506316e-12
1.7599554244151634e-07	1.0557774120632639e-12
1.8171205928321379e-07	1.0982645977377138e-12
1.8761425449123874e-07	1.1417727525217096e-12
1.9370815909054456e-07	1.1858558408507546e-12
1.9999999999999986e-07	1.2300000000000012e-12
1.9999999999999986e-07	1.2300000000000012e-12
2.092163837286429e-07	1.2915266543219855e-12
2.1885747610245355e-07	1.3523350303552006e-12
2.2894284851066628e-07	1.4128487175310688e-12
2.394929742296808e-07	1.4736190992130778e-12
2.505292699837541e-07	1.5353267428120259e-12
2.6207413942088966e-07	1.5987853408833214e-12
2.741510185921738e-07	1.664949431027413e-12
2.8678442352689243e-07	1.7349272196549703e-12
3.000000000000001e-07	1.81e-12
3.000000000000001e-07	1.81e-12
3.0974430959283606e-07	1.8669762147981646e-12
3.1980512441714265e-07	1.926723032159376e-12
3.3019272488946284e-07	1.988636178690464e-12
3.4091772534487965e-07	2.0520227726225435e-12
3.51991084883033e-07	2.1160945002608053e-12
3.6342411856642794e-07	2.1799635534795437e-12
3.7522850898247753e-07	2.2426419857384415e-12
3.8741631818108913e-07	2.3030451673834465e-12
4.000000000000001e-07	2.359999999999996e-12
4.000000000000001e-07	2.359999999999996e-12
4.1004145938276057e-07	2.4012889643958777e-12
4.203349960318601e-07	2.440857263888291e-12
4.3088693800637686e-07	2.4798867662878793e-12
4.4170377222275946e-07	2.519641772511458e-12
4.5279214844272673e-07	2.5614695779985856e-12
4.6415888336127794e-07	2.606807913287994e-12
4.758109647973273e-07	2.6572000842188654e-12
4.877555559895383e-07	2.7143188026839125e-12
5.000000000000001e-07	2.779999999999996e-12
5.000000000000001e-07	2.779999999999996e-12
5.102322678384241e-07	2.8410959329994377e-12
5.206739342870825e-07	2.9083897831949035e-12
5.313292845913054e-07	2.980943430832819e-12
5.422026916919782e-07	3.057722534400856e-12
5.532986180201922e-07	3.1375772781335513e-12
5.646216173286172e-07	3.2192270593341202e-12
5.761763365603583e-07	3.3012499803864385e-12
5.879675177560532e-07	3.3820781637447245e-12
5.999999999999998e-07	3.459999999999994e-12
5.999999999999998e-07	3.459999999999994e-12
6.194886191856721e-07	3.5739972587764787e-12
6.396102488342844e-07	3.6775068848175385e-12
6.603854497789253e-07	3.772217710663337e-12
6.818354506897594e-07	3.860173222559712e-12
7.039821697660655e-07	3.943723326865816e-12
7.268482371328559e-07	4.025487654512961e-12
7.504570179649552e-07	4.1083343997513e-12
7.748326363621784e-07	4.195378156896183e-12
8.000000000000003e-07	4.290000000000006e-12
8.000000000000003e-07	4.290000000000006e-12
8.200829187655211e-07	4.370555040168411e-12
8.406699920637202e-07	4.457309601941603e-12
8.617738760127537e-07	4.549661958814188e-12
8.834075444455189e-07	4.646958522362259e-12
9.055842968854536e-07	4.748484409253617e-12
9.28317766722556e-07	4.853454994261463e-12
9.516219295946547e-07	4.961008639773359e-12
9.75511111979077e-07	5.070200833333288e-12
1.0000000000000002e-06	5.180000000000001e-12
1.0000000000000002e-06	5.180000000000001e-12
1.0460819186432147e-06	5.378550141389913e-12
1.094287380512269e-06	5.575387573983947e-12
1.1447142425533326e-06	5.7705521839255506e-12
1.1974648711484041e-06	5.9641731203639215e-12
1.252646349918772e-06	6.15646985687839e-12
1.3103706971044484e-06	6.3477528821497045e-12
1.3707550929608676e-06	6.538424186351924e-12
1.4339221176344637e-06	6.728977718845409e-12
1.5000000000000007e-06	6.920000000000001e-12
1.5000000000000007e-06	6.920000000000001e-12
1.5487215479641816e-06	7.056239209851251e-12
1.5990256220857122e-06	7.193657380803226e-12
1.6509636244473144e-06	7.332904879953845e-12
1.7045886267243984e-06	7.474683287108676e-12
1.7599554244151653e-06	7.619747433695877e-12
1.8171205928321397e-06	7.768908162888344e-12
1.876142544912388e-06	7.923035902891663e-12
1.937081590905446e-06	8.083065153864887e-12
2.0000000000000003e-06	8.250000000000002e-12
2.0000000000000003e-06	8.250000000000002e-12
2.0921638372864298e-06	8.497871259857969e-12
2.188574761024538e-06	8.757208442547515e-12
2.2894284851066634e-06	9.023085231061141e-12
2.394929742296806e-06	9.289936751564554e-12
2.5052926998375443e-06	9.551537204764923e-12
2.620741394208897e-06	9.801015930401155e-12
2.7415101859217357e-06	1.003091890773489e-11
2.867844235268925e-06	1.023332193179627e-11
2.9999999999999992e-06	1.0400000000000015e-11
2.9999999999999992e-06	1.0400000000000015e-11
3.097443095928361e-06	1.0492844840811264e-11
3.1980512441714218e-06	1.05654584682394e-11
3.3019272488946263e-06	1.0619956315224083e-11
3.409177253448797e-06	1.0658608303516963e-11
3.5199108488303277e-06	1.0683800406235903e-11
3.6342411856642797e-06	1.0698000725554593e-11
3.7522850898247764e-06	1.0703730746178037e-11
3.874163181810893e-06	1.0703542224071816e-11
4.0000000000000015e-06	1.0700000000000004e-11
4.0000000000000015e-06	1.0700000000000004e-11
4.100414593827606e-06	1.0696029890103501e-11
4.203349960318602e-06	1.068949355140914e-11
4.3088693800637696e-06	1.0678304124487864e-11
4.417037722227596e-06	1.06603881737884e-11
4.527921484427268e-06	1.0633696771571094e-11
4.64158883361278e-06	1.0596220514574995e-11
4.758109647973274e-06	1.0546008304437564e-11
4.877555559895385e-06	1.0481189632318713e-11
5.000000000000002e-06	1.0400000000000015e-11
5.000000000000002e-06	1.0400000000000015e-11
5.102322678384242e-06	1.0320982153076549e-11
5.206739342870826e-06	1.0232769159960709e-11
5.313292845913055e-06	1.0138136875835431e-11
5.4220269169197835e-06	1.0039782589525538e-11
5.532986180201923e-06	9.94031191025512e-12
5.646216173286173e-06	9.842232562449391e-12
5.7617633656035834e-06	9.747954687239583e-12
5.879675177560533e-06	9.659797227982153e-12
5.9999999999999985e-06	9.580000000000002e-12
5.9999999999999985e-06	9.580000000000002e-12
6.194886191856722e-06	9.474225685226065e-12
6.396102488342844e-06	9.390401424866692e-12
6.6038544977892534e-06	9.324494219646801e-12
6.818354506897589e-06	9.272686609209653e-12
7.039821697660656e-06	9.231314145312498e-12
7.2684823713285536e-06	9.196818322553929e-12
7.504570179649547e-06	9.165713776262585e-12
7.748326363621779e-06	9.134568986091377e-12
7.999999999999996e-06	9.100000000000013e-12
7.999999999999996e-06	9.100000000000013e-12
8.200829187655205e-06	9.06907985367743e-12
8.406699920637198e-06	9.034812580222801e-12
8.617738760127532e-06	8.99791250547589e-12
8.834075444455185e-06	8.959085621386522e-12
9.055842968854537e-06	8.919027835161137e-12
9.28317766722556e-06	8.878423762202288e-12
9.516219295946548e-06	8.83794605003946e-12
9.75511111979077e-06	8.798255218440269e-12
1.0000000000000004e-05	8.760000000000015e-12
1.0000000000000004e-05	8.760000000000015e-12
1.080059738892307e-05	8.653693255119073e-12
1.1665290395761165e-05	8.5652158551462e-12
1.2599210498948734e-05	8.492544314021656e-12
1.3607900001743774e-05	8.433799931974872e-12
1.4697344922755998e-05	8.3872193188349e-12
1.5874010519681993e-05	8.351129274800136e-12
1.714487965706146e-05	8.323925499730953e-12
1.8517494245745814e-05	8.304054729230782e-12
2e-05	8.290000000000013e-12
2e-05	8.290000000000013e-12
2.092163837286429e-05	8.283846310205373e-12
2.1885747610245386e-05	8.278687045355963e-12
2.289428485106664e-05	8.274039122938665e-12
2.3949297422968067e-05	8.26942072406906e-12
2.5052926998375437e-05	8.264351136023346e-12
2.6207413942088965e-05	8.258350874703494e-12
2.741510185921735e-05	8.250942085782607e-12
2.8678442352689254e-05	8.241649222849943e-12
2.9999999999999994e-05	8.229999999999989e-12
2.9999999999999994e-05	8.229999999999989e-12
3.0974430959283605e-05	8.220311814797436e-12
3.198051244171422e-05	8.210609099836093e-12
3.3019272488946266e-05	8.202293345345801e-12
3.409177253448796e-05	8.196760825035292e-12
3.519910848830329e-05	8.195406150887893e-12
3.634241185664279e-05	8.199628208375087e-12
3.752285089824773e-05	8.210838490463473e-12
3.8741631818108934e-05	8.23047188298087e-12
4.000000000000001e-05	8.259999999999986e-12
4.000000000000001e-05	8.259999999999986e-12
4.1004145938276054e-05	8.290373936890705e-12
4.2033499603186006e-05	8.32646890826857e-12
4.308869380063768e-05	8.367131633237606e-12
4.4170377222275943e-05	8.41119399336472e-12
4.527921484427268e-05	8.457467322772042e-12
4.64158883361278e-05	8.504738364722655e-12
4.758109647973273e-05	8.551766944848477e-12
4.8775555598953834e-05	8.597285424058446e-12
5.000000000000001e-05	8.640000000000008e-12
5.000000000000001e-05	8.640000000000008e-12
5.400298694461532e-05	8.748063017094124e-12
5.832645197880583e-05	8.822441757460015e-12
6.299605249474368e-05	8.869819878173374e-12
6.803950000871885e-05	8.897341729501049e-12
7.348672461377996e-05	8.912418649938105e-12
7.937005259840997e-05	8.922593130613088e-12
8.57243982853073e-05	8.935465258949962e-12
9.258747122872908e-05	8.958683388532541e-12
0.00010000000000000002	8.999999999999998e-12
0.00010000000000000002	8.999999999999998e-12
0.0001080059738892306	9.065563048752045e-12
0.00011665290395761169	9.154461128952193e-12
0.00012599210498948738	9.264043279386746e-12
0.00013607900001743773	9.391656778834793e-12
0.00014697344922755989	9.534584155069586e-12
0.00015874010519681997	9.689988574605443e-12
0.0001714487965706146	9.854867687402032e-12
0.0001851749424574581	1.0026016469680195e-11
0.0002	1.0199999999999985e-11
0.0002	1.0199999999999985e-11
0.00022143463577798222	1.0429051496123399e-11
0.0002451664896106382	1.065357905529225e-11
0.00027144176165949066	1.0870290694391094e-11
0.00030053303814001585	1.1075682843487985e-11
0.0003327421191989242	1.1266069210705385e-11
0.0003684031498640387	1.1437620776985289e-11
0.000407886086548024	1.1586417375783228e-11
0.0004516005350683411	1.170851093611194e-11
0.0005	1.1800000000000012e-11
0.0005	1.1800000000000012e-11
0.000540029869446153	1.1847058664538349e-11
0.0005832645197880583	1.1875846090674705e-11
0.0006299605249474366	1.188786723474711e-11
0.0006803950000871885	1.1884709484654856e-11
0.0007348672461377994	1.1868021011181995e-11
0.0007937005259840997	1.1839490944190982e-11
0.000857243982853073	1.1800831622787017e-11
0.0009258747122872905	1.1753763097686527e-11
0.001	1.1700000000000022e-11
0.001	1.1700000000000022e-11
0.001080059738892306	1.164168372972964e-11
0.0011665290395761166	1.1582684444537623e-11
0.0012599210498948732	1.1527235230122596e-11
0.001360790000174377	1.1479490133357273e-11
0.0014697344922755989	1.1443544549563052e-11
0.0015874010519681995	1.1423470432284894e-11
0.0017144879657061457	1.1423366234726145e-11
0.001851749424574581	1.1447421924305718e-11
0.002	1.149999999999999e-11
0.002	1.149999999999999e-11
0.002214346357779822	1.1617546900101915e-11
0.002451664896106382	1.1782500627315583e-11
0.002714417616594907	1.1984343363337003e-11
0.0030053303814001585	1.221214752297323e-11
0.0033274211919892423	1.2454266612802501e-11
0.0036840314986403863	1.269813339604386e-11
0.00407886086548024	1.2930178288236594e-11
0.004516005350683411	1.3135884906202905e-11
0.004999999999999999	1.3299999999999997e-11
0.004999999999999999	1.3299999999999997e-11
0.00540029869446153	1.338698513930177e-11
0.0058326451978805835	1.3434514188462975e-11
0.006299605249474366	1.3436099882928044e-11
0.0068039500008718855	1.3385684390674007e-11
0.007348672461377995	1.3277859402518533e-11
0.007937005259840998	1.3108098777629782e-11
0.008572439828530731	1.2872992842180572e-11
0.009258747122872904	1.2570471285621391e-11
0.010000000000000002	1.2200000000000012e-11
