0.009999999999999997	8.329999999999997e-14
0.010460819186432152	1.2870872670766213e-13
0.010942873805122684	1.889034658831383e-13
0.01144714242553332	2.641718768986022e-13
0.011974648711484025	3.530967697821364e-13
0.012526463499187715	4.5248813745955606e-13
0.013103706971044467	5.576641498577268e-13
0.013707550929608672	6.630344781797762e-13
0.014339221176344605	7.628570090502699e-13
0.014999999999999987	8.520000000000014e-13
0.014999999999999987	8.520000000000014e-13
0.015487215479641785	9.065693317795176e-13
0.015990256220857115	9.528429839303426e-13
0.016509636244473123	9.903329368605607e-13
0.01704588626724396	1.0189698836633125e-12
0.017599554244151643	1.0390642258483323e-12
0.01817120592832139	1.0512476381333944e-12
0.018761425449123858	1.056403779635715e-12
0.01937081590905447	1.0555961787891162e-12
0.019999999999999997	1.0500000000000012e-12
0.019999999999999997	1.0500000000000012e-12
0.020921638372864305	1.0359546698561494e-12
0.021885747610245372	1.0159372387184815e-12
0.02289428485106664	9.910909394300328e-13
0.02394929742296805	9.625570010651735e-13
0.025052926998375434	9.314328681656129e-13
0.026207413942088937	8.987411718901529e-13
0.027415101859217347	8.654092198361541e-13
0.02867844235268921	8.322580905276886e-13
0.029999999999999978	7.999999999999987e-13
0.029999999999999978	7.999999999999987e-13
0.03097443095928357	7.779439759521929e-13
0.03198051244171424	7.565620989572057e-13
0.033019272488946254	7.35775912585023e-13
0.034091772534487925	7.15513908820179e-13
0.03519910848830329	6.957110908081863e-13
0.03634241185664278	6.76308597034017e-13
0.037522850898247716	6.57253378307837e-13
0.03874163181810894	6.384979196754192e-13
0.039999999999999994	6.199999999999999e-13
0.039999999999999994	6.199999999999999e-13
0.04100414593827608	6.058454627982105e-13
0.042033499603185996	5.920410502974446e-13
0.04308869380063771	5.787864154101698e-13
0.04417037722227594	5.662629466007821e-13
0.045279214844272705	5.546359602163429e-13
0.04641588833612778	5.440574048449204e-13
0.04758109647973276	5.346690036067504e-13
0.04877555559895382	5.266057871319544e-13
0.050000000000000044	5.199999999999992e-13
0.050000000000000044	5.199999999999992e-13
0.05102322678384244	5.157492228714092e-13
0.05206739342870829	5.124673331030754e-13
0.05313292845913057	5.100680441057616e-13
0.05422026916919786	5.084711627319425e-13
0.05532986180201921	5.076013642607298e-13
0.0564621617328617	5.073871143170357e-13
0.057617633656035804	5.077597188761905e-13
0.0587967517756053	5.086524876863768e-13
0.05999999999999996	5.099999999999995e-13
0.05999999999999996	5.099999999999995e-13
0.06194886191856714	5.129206279992135e-13
0.06396102488342847	5.167188853197225e-13
0.06603854497789251	5.213029156138255e-13
0.06818354506897585	5.265808884178645e-13
0.07039821697660659	5.324595507535894e-13
0.07268482371328558	5.388429551627604e-13
0.07504570179649545	5.456313637209295e-13
0.0774832636362179	5.527203341768201e-13
0.08	5.599999999999995e-13
0.08	5.599999999999995e-13
0.08200829187655218	5.657223917148585e-13
0.08406699920637199	5.715433281735478e-13
0.08617738760127543	5.775179819317554e-13
0.08834075444455189	5.837038210718963e-13
0.09055842968854541	5.901607834343565e-13
0.09283177667225558	5.969515104211088e-13
0.09516219295946553	6.041416450595944e-13
0.09755111119790766	6.118001997440072e-13
0.10000000000000009	6.199999999999999e-13
0.10000000000000009	6.199999999999999e-13
0.10460819186432163	6.364862435091908e-13
0.10942873805122696	6.55193600667845e-13
0.11447142425533334	6.763271407073168e-13
0.11974648711484039	7.001220863671552e-13
0.1252646349918773	7.268483094634049e-13
0.13103706971044482	7.568156167710537e-13
0.13707550929608686	7.903799773232688e-13
0.14339221176344621	8.279508738655622e-13
0.15000000000000005	8.700000000000004e-13
0.15000000000000005	8.700000000000004e-13
0.154872154796418	9.027872394341243e-13
0.15990256220857102	9.379557341204794e-13
0.16509636244473141	9.753298262165072e-13
0.1704588626724398	1.0146922886506316e-12
0.17599554244151636	1.0557774120632639e-12
0.18171205928321377	1.0982645977377138e-12
0.18761425449123875	1.1417727525217096e-12
0.19370815909054456	1.1858558408507546e-12
0.19999999999999984	1.2300000000000012e-12
0.19999999999999984	1.2300000000000012e-12
0.2092163837286429	1.2915266543219855e-12
0.21885747610245357	1.3523350303552006e-12
0.2289428485106663	1.4128487175310688e-12
0.2394929742296808	1.4736190992130778e-12
0.25052926998375413	1.5353267428120259e-12
0.26207413942088964	1.5987853408833214e-12
0.2741510185921738	1.664949431027413e-12
0.28678442352689243	1.7349272196549703e-12
0.3000000000000001	1.81e-12
0.3000000000000001	1.81e-12
0.30974430959283605	1.8669762147981646e-12
0.31980512441714265	1.926723032159376e-12
0.33019272488946283	1.988636178690464e-12
0.34091772534487963	2.0520227726225435e-12
0.351991084883033	2.1160945002608053e-12
0.3634241185664279	2.1799635534795437e-12
0.37522850898247756	2.2426419857384415e-12
0.3874163181810891	2.3030451673834465e-12
0.4000000000000001	2.359999999999996e-12
0.4000000000000001	2.359999999999996e-12
0.41004145938276054	2.4012889643958777e-12
0.4203349960318601	2.440857263888291e-12
0.43088693800637684	2.4798867662878793e-12
0.44170377222275947	2.519641772511458e-12
0.45279214844272675	2.5614695779985856e-12
0.464158883361278	2.606807913287994e-12
0.47581096479732726	2.6572000842188654e-12
0.48775555598953835	2.7143188026839125e-12
0.5000000000000001	2.779999999999996e-12
0.5000000000000001	2.779999999999996e-12
0.5102322678384241	2.8410959329994377e-12
0.5206739342870825	2.9083897831949035e-12
0.5313292845913054	2.980943430832819e-12
0.5422026916919782	3.057722534400856e-12
0.5532986180201922	3.1375772781335513e-12
0.5646216173286172	3.2192270593341202e-12
0.5761763365603583	3.3012499803864385e-12
0.5879675177560532	3.3820781637447245e-12
0.5999999999999998	3.459999999999994e-12
0.5999999999999998	3.459999999999994e-12
0.6194886191856721	3.5739972587764787e-12
0.6396102488342843	3.6775068848175385e-12
0.6603854497789252	3.772217710663337e-12
0.6818354506897594	3.860173222559712e-12
0.7039821697660655	3.943723326865816e-12
0.7268482371328558	4.025487654512961e-12
0.7504570179649552	4.1083343997513e-12
0.7748326363621784	4.195378156896183e-12
0.8000000000000003	4.290000000000006e-12
0.8000000000000003	4.290000000000006e-12
0.8200829187655211	4.370555040168411e-12
0.8406699920637202	4.457309601941603e-12
0.8617738760127537	4.549661958814188e-12
0.8834075444455189	4.646958522362259e-12
0.9055842968854536	4.748484409253617e-12
0.9283177667225561	4.853454994261463e-12
0.9516219295946546	4.961008639773359e-12
0.9755111119790768	5.070200833333288e-12
1.0000000000000002	5.180000000000001e-12
1.0000000000000002	5.180000000000001e-12
1.0460819186432146	5.378550141389913e-12
1.094287380512269	5.575387573983947e-12
1.1447142425533325	5.7705521839255506e-12
1.1974648711484042	5.9641731203639215e-12
1.2526463499187719	6.15646985687839e-12
1.3103706971044484	6.3477528821497045e-12
1.3707550929608676	6.538424186351924e-12
1.4339221176344636	6.728977718845409e-12
1.5000000000000007	6.920000000000001e-12
1.5000000000000007	6.920000000000001e-12
1.5487215479641816	7.056239209851251e-12
1.5990256220857122	7.193657380803226e-12
1.6509636244473145	7.332904879953845e-12
1.7045886267243984	7.474683287108676e-12
1.7599554244151652	7.619747433695877e-12
1.8171205928321397	7.768908162888344e-12
1.8761425449123879	7.923035902891663e-12
1.9370815909054462	8.083065153864887e-12
2.0000000000000004	8.250000000000002e-12
2.0000000000000004	8.250000000000002e-12
2.0921638372864297	8.497871259857969e-12
2.188574761024538	8.757208442547515e-12
2.2894284851066633	9.023085231061141e-12
2.394929742296806	9.289936751564554e-12
2.505292699837544	9.551537204764923e-12
2.6207413942088973	9.801015930401155e-12
2.7415101859217357	1.003091890773489e-11
2.867844235268925	1.023332193179627e-11
2.999999999999999	1.0400000000000015e-11
2.999999999999999	1.0400000000000015e-11
3.0974430959283614	1.0492844840811264e-11
3.1980512441714217	1.05654584682394e-11
3.3019272488946263	1.0619956315224083e-11
3.4091772534487967	1.0658608303516963e-11
3.5199108488303277	1.0683800406235903e-11
3.63424118566428	1.0698000725554593e-11
3.752285089824776	1.0703730746178037e-11
3.874163181810893	1.0703542224071816e-11
4.000000000000002	1.0700000000000004e-11
4.000000000000002	1.0700000000000004e-11
4.100414593827606	1.0696029890103501e-11
4.203349960318602	1.068949355140914e-11
4.308869380063769	1.0678304124487864e-11
4.417037722227596	1.06603881737884e-11
4.527921484427268	1.0633696771571094e-11
4.641588833612781	1.0596220514574995e-11
4.758109647973274	1.0546008304437564e-11
4.877555559895385	1.0481189632318713e-11
5.000000000000002	1.0400000000000015e-11
5.000000000000002	1.0400000000000015e-11
5.102322678384241	1.0320982153076549e-11
5.206739342870827	1.0232769159960709e-11
5.313292845913055	1.0138136875835431e-11
5.4220269169197834	1.0039782589525538e-11
5.532986180201923	9.94031191025512e-12
5.646216173286173	9.842232562449391e-12
5.761763365603583	9.747954687239583e-12
5.879675177560533	9.659797227982153e-12
5.999999999999998	9.580000000000002e-12
5.999999999999998	9.580000000000002e-12
6.194886191856723	9.474225685226065e-12
6.396102488342844	9.390401424866692e-12
6.6038544977892535	9.324494219646801e-12
6.818354506897588	9.272686609209653e-12
7.039821697660656	9.231314145312498e-12
7.268482371328553	9.196818322553929e-12
7.504570179649546	9.165713776262585e-12
7.7483263636217785	9.134568986091377e-12
7.9999999999999964	9.100000000000013e-12
7.9999999999999964	9.100000000000013e-12
8.200829187655206	9.06907985367743e-12
8.406699920637196	9.034812580222801e-12
8.617738760127532	8.99791250547589e-12
8.834075444455184	8.959085621386522e-12
9.055842968854538	8.919027835161137e-12
9.283177667225562	8.878423762202288e-12
9.516219295946549	8.83794605003946e-12
9.75511111979077	8.798255218440269e-12
10.000000000000004	8.760000000000015e-12
10.000000000000004	8.760000000000015e-12
10.80059738892307	8.653693255119073e-12
11.665290395761165	8.5652158551462e-12
12.599210498948734	8.492544314021656e-12
13.607900001743774	8.433799931974872e-12
14.697344922755997	8.3872193188349e-12
15.874010519681994	8.351129274800136e-12
17.14487965706146	8.323925499730953e-12
18.517494245745816	8.304054729230782e-12
20.0	8.290000000000013e-12
20.0	8.290000000000013e-12
20.92163837286429	8.283846310205373e-12
21.885747610245385	8.278687045355963e-12
22.894284851066637	8.274039122938665e-12
23.94929742296807	8.26942072406906e-12
25.052926998375437	8.264351136023346e-12
26.207413942088966	8.258350874703494e-12
27.41510185921735	8.250942085782607e-12
28.678442352689256	8.241649222849943e-12
29.999999999999996	8.229999999999989e-12
29.999999999999996	8.229999999999989e-12
30.974430959283605	8.220311814797436e-12
31.98051244171422	8.210609099836093e-12
33.01927248894627	8.202293345345801e-12
34.09177253448796	8.196760825035292e-12
35.19910848830329	8.195406150887893e-12
36.34241185664279	8.199628208375087e-12
37.52285089824774	8.210838490463473e-12
38.741631818108935	8.23047188298087e-12
40.00000000000001	8.259999999999986e-12
40.00000000000001	8.259999999999986e-12
41.004145938276054	8.290373936890705e-12
42.033499603186	8.32646890826857e-12
43.08869380063768	8.367131633237606e-12
44.170377222275945	8.41119399336472e-12
45.27921484427268	8.457467322772042e-12
46.41588833612779	8.504738364722655e-12
47.58109647973273	8.551766944848477e-12
48.77555559895384	8.597285424058446e-12
50.00000000000001	8.640000000000008e-12
50.00000000000001	8.640000000000008e-12
54.00298694461532	8.748063017094124e-12
58.326451978805835	8.822441757460015e-12
62.99605249474367	8.869819878173374e-12
68.03950000871885	8.897341729501049e-12
73.48672461377996	8.912418649938105e-12
79.37005259840997	8.922593130613088e-12
85.7243982853073	8.935465258949962e-12
92.58747122872909	8.958683388532541e-12
100.00000000000001	8.999999999999998e-12
100.00000000000001	8.999999999999998e-12
108.00597388923062	9.065563048752045e-12
116.65290395761168	9.154461128952193e-12
125.99210498948737	9.264043279386746e-12
136.07900001743772	9.391656778834793e-12
146.97344922755988	9.534584155069586e-12
158.74010519681997	9.689988574605443e-12
171.4487965706146	9.854867687402032e-12
185.17494245745812	1.0026016469680195e-11
200.0	1.0199999999999985e-11
200.0	1.0199999999999985e-11
221.43463577798224	1.0429051496123399e-11
245.16648961063822	1.065357905529225e-11
271.4417616594907	1.0870290694391094e-11
300.5330381400159	1.1075682843487985e-11
332.74211919892423	1.1266069210705385e-11
368.4031498640387	1.1437620776985289e-11
407.88608654802397	1.1586417375783228e-11
451.6005350683411	1.170851093611194e-11
500.0	1.1800000000000012e-11
500.0	1.1800000000000012e-11
540.029869446153	1.1847058664538349e-11
583.2645197880582	1.1875846090674705e-11
629.9605249474366	1.188786723474711e-11
680.3950000871885	1.1884709484654856e-11
734.8672461377994	1.1868021011181995e-11
793.7005259840998	1.1839490944190982e-11
857.2439828530729	1.1800831622787017e-11
925.8747122872904	1.1753763097686527e-11
1000.0	1.1700000000000022e-11
1000.0	1.1700000000000022e-11
1080.059738892306	1.164168372972964e-11
1166.5290395761165	1.1582684444537623e-11
1259.9210498948732	1.1527235230122596e-11
1360.790000174377	1.1479490133357273e-11
1469.7344922755988	1.1443544549563052e-11
1587.4010519681997	1.1423470432284894e-11
1714.4879657061456	1.1423366234726145e-11
1851.7494245745809	1.1447421924305718e-11
2000.0	1.149999999999999e-11
2000.0	1.149999999999999e-11
2214.346357779822	1.1617546900101915e-11
2451.664896106382	1.1782500627315583e-11
2714.4176165949066	1.1984343363337003e-11
3005.3303814001583	1.221214752297323e-11
3327.4211919892423	1.2454266612802501e-11
3684.0314986403864	1.269813339604386e-11
4078.86086548024	1.2930178288236594e-11
4516.005350683411	1.3135884906202905e-11
4999.999999999999	1.3299999999999997e-11
4999.999999999999	1.3299999999999997e-11
5400.29869446153	1.338698513930177e-11
5832.6451978805835	1.3434514188462975e-11
6299.605249474366	1.3436099882928044e-11
6803.950000871885	1.3385684390674007e-11
7348.672461377995	1.3277859402518533e-11
7937.0052598409975	1.3108098777629782e-11
8572.43982853073	1.2872992842180572e-11
9258.747122872905	1.2570471285621391e-11
10000.000000000002	1.2200000000000012e-11
